An image of our nature,
65 110 32 105 109 97 103 101 32 111 102 32 111 117 114 32 110 97 116 117 114 101 44 10
01000001 01101110 00100000 01101001 01101101 01100001 01100111 01100101 00100000 01101111 01100110 00100000 01101111 01110101 01110010 00100000 01101110 01100001 01110100 01110101 01110010 01100101 00101100 00001010
41 6E 20 69 6D 61 67 65 20 6F 66 20 6F 75 72 20 6E 61 74 75 72 65 2C 0A

Intelligent disturbances, 
73 110 116 101 108 108 105 103 101 110 116 32 100 105 115 116 117 114 98 97 110 99 101 115 44 10
01001001 01101110 01110100 01100101 01101100 01101100 01101001 01100111 01100101 01101110 01110100 00100000 01100100 01101001 01110011 01110100 01110101 01110010 01100010 01100001 01101110 01100011 01100101 01110011 00101100 00001010
49 6E 74 65 6C 6C 69 67 65 6E 74 20 64 69 73 74 75 72 62 61 6E 63 65 73 2C 0A

At the same time both one and unlimited,
65 116 32 116 104 101 32 115 97 109 101 32 116 105 109 101 32 98 111 116 104 32 111 110 101 32 97 110 100 32 117 110 108 105 109 105 116 101 100 44 10
01000001 01110100 00100000 01110100 01101000 01100101 00100000 01110011 01100001 01101101 01100101 00100000 01110100 01101001 01101101 01100101 00100000 01100010 01101111 01110100 01101000 00100000 01101111 01101110 01100101 00100000 01100001 01101110 01100100 00100000 01110101 01101110 01101100 01101001 01101101 01101001 01110100 01100101 01100100 00101100 00001010
41 74 20 74 68 65 20 73 61 6D 65 20 74 69 6D 65 20 62 6F 74 68 20 6F 6E 65 20 61 6E 64 20 75 6E 6C 69 6D 69 74 65 64 2C 0A

Nothing other than the shadow of artificial things
78 111 116 104 105 110 103 32 111 116 104 101 114 32 116 104 97 110 32 116 104 101 32 115 104 97 100 111 119 32 111 102 32 97 114 116 105 102 105 99 105 97 108 32 116 104 105 110 103 115
01001110 01101111 01110100 01101000 01101001 01101110 01100111 00100000 01101111 01110100 01101000 01100101 01110010 00100000 01110100 01101000 01100001 01101110 00100000 01110100 01101000 01100101 00100000 01110011 01101000 01100001 01100100 01101111 01110111 00100000 01101111 01100110 00100000 01100001 01110010 01110100 01101001 01100110 01101001 01100011 01101001 01100001 01101100 00100000 01110100 01101000 01101001 01101110 01100111 01110011
4E 6F 74 68 69 6E 67 20 6F 74 68 65 72 20 74 68 61 6E 20 74 68 65 20 73 68 61 64 6F 77 20 6F 66 20 61 72 74 69 66 69 63 69 61 6C 20 74 68 69 6E 67 73
